free_thresh: 0.196
image: hospital.pgm
laser_height: 0.7
negate: 0
occupied_thresh: 0.65
origin: [-7.145760441073586, -3.3210678118654755, 0]
resolution: 0.05
