free_thresh: 0.196
image: secorolab.pgm
laser_height: 0.7
negate: 0
occupied_thresh: 0.65
origin: [-7.199999999999999, -8.81047818920773, 0]
resolution: 0.05
